movieId|sim_moveId|relevance
1|588|0.8838495331760665
1|673|0.850932130297435
1|364|0.8405464081333157
1|596|0.8399482150881145
1|745|0.8387472137213227
2|60|0.894310119521385
2|126|0.8719418646751936
2|158|0.8532884090476722
2|558|0.836325668241849
2|146|0.8320746310117981
3|122|0.9099051172371004
3|295|0.9053574081543236
3|186|0.8990470569661663
3|447|0.8982891926148604
3|237|0.8951425672791347
4|195|0.9163538485552926
4|351|0.9073180107679167
4|539|0.9025588494318844
4|361|0.9020723589044153
4|46|0.8964339381715466
5|603|0.895586382354207
5|934|0.8954279328210423
5|830|0.8852312516674958
5|486|0.8833692202187235
5|489|0.8803500303891986
6|293|0.9079933370737054
6|555|0.8845871004071824
6|479|0.8838265635915659
6|165|0.8708458323902
6|474|0.8570336914352235
7|915|0.9376713843448589
7|237|0.934308877852148
7|252|0.9299645042446621
7|597|0.924474826705417
7|339|0.9237704254459321
8|828|0.9220426890812573
8|754|0.890213273504644
8|146|0.8841428913098404
8|711|0.8777164169813982
8|484|0.8705876133385938
9|204|0.939015747000439
9|71|0.8939885870789225
9|251|0.8715486469457061
9|980|0.8639440946596562
9|227|0.861928547026386
10|733|0.911875835094525
10|648|0.900550161849551
10|836|0.889297088953006
10|494|0.8887706301483063
10|95|0.8875883758817056
11|539|0.9233146503501316
11|440|0.9158825779752585
11|361|0.9132706688191415
11|852|0.9009899478693413
11|378|0.8927580457317559
12|520|0.8716772633797066
12|93|0.8570710775934124
12|842|0.8564650524455915
12|445|0.8530786124097878
12|743|0.8501108732439345
13|484|0.8748184522259973
13|709|0.8743599448653685
13|313|0.8677809049394273
13|616|0.8643653826748583
13|238|0.8604041164814055
14|300|0.9031025741932255
14|475|0.9029877488740394
14|297|0.8944439495611682
14|954|0.8879799329172597
14|354|0.8860288112760384
15|552|0.8784567047837979
15|736|0.8572135664424312
15|761|0.8291518107242575
15|940|0.8267281547180324
15|809|0.8256737284661386
16|431|0.960007697198864
16|858|0.9310217865142959
16|81|0.8897676316078084
16|318|0.8808453114892789
16|268|0.875927490230788
17|28|0.9714522357594259
17|613|0.932549583150502
17|838|0.9150392144096555
17|515|0.912652770109431
17|902|0.9052674460679749
18|228|0.9056241508621613
18|394|0.9041927287621331
18|518|0.9006732802409124
18|176|0.8992096946758906
18|125|0.8982666673695152
19|344|0.9537922853845708
19|520|0.9235584406423836
19|65|0.9215678376161283
19|333|0.9173173717530841
19|216|0.9133681227475531
20|145|0.9229752891312103
20|420|0.8663029582138535
20|165|0.8632920409737981
20|315|0.8620909124890066
20|996|0.8579932238199006
21|296|0.8827374391039235
21|555|0.8777840837675132
21|608|0.8751573412804672
21|521|0.8300576236944955
21|910|0.8266141012963448
22|628|0.8924668075284932
22|463|0.8528734694723363
22|554|0.8485516816730939
22|257|0.8475901386824622
22|593|0.8342915658252269
23|165|0.8924402678246854
23|479|0.892014332056879
23|349|0.8749719323541172
23|464|0.8694779712399625
23|185|0.8691905544917484
24|282|0.8500905291783545
24|418|0.830378215277066
24|219|0.8270961335557175
24|491|0.8267939759055429
24|31|0.8239020884335962
25|764|0.9045448827385423
25|509|0.8938220815721402
25|381|0.8827459502118007
25|215|0.8823003584841589
25|249|0.8798894061600094
26|211|0.9248480265806471
26|334|0.9192746177486912
26|148|0.9097283814218964
26|949|0.9096900324429662
26|538|0.9088105047085804
27|917|0.8660696139213557
27|262|0.8499578692891306
27|835|0.8446099632248474
27|219|0.8427006633492599
27|80|0.8313875378059884
28|17|0.9714522357594259
28|613|0.9456857326456
28|838|0.916900992075778
28|515|0.9092078238294787
28|902|0.8908466692763104
29|924|0.8311446075196857
29|680|0.7926113376346478
29|32|0.792523808453949
29|314|0.7824695898407937
29|923|0.7724729081692923
30|850|0.9023617642214441
30|97|0.8951085625640344
30|247|0.8838847121905066
30|117|0.8810855800630739
30|268|0.8794569822906207
31|491|0.9225951159339312
31|62|0.9131791029946454
31|219|0.9020764248525425
31|408|0.8991564879234192
31|524|0.8985323105699436
32|47|0.8527217914469087
32|198|0.8510866626896219
32|541|0.8471905646287893
32|904|0.8307806144815928
32|50|0.8230553854367357
33|638|0.7741692678855531
33|941|0.7554833988695759
33|552|0.7550180421439523
33|15|0.7549978838821687
33|362|0.7515188196845735
34|241|0.9081299205963205
34|531|0.8801594579989832
34|455|0.8774161971005675
34|262|0.8650724988655163
34|917|0.8620556412531319
35|202|0.9221767435513498
35|534|0.9092797599783315
35|488|0.9017525592290985
35|509|0.9011216233756103
35|85|0.8969590585803296
36|290|0.9211237496219437
36|318|0.9118907656003161
36|858|0.886075112631309
36|117|0.8841432433378286
36|97|0.8797043600549096
37|759|0.8653773238718707
37|192|0.8478264690529762
37|556|0.8451077066509542
37|108|0.8430198684951822
37|769|0.8351392316851556
38|575|0.8953452633542516
38|87|0.8915913230666863
38|54|0.8906417994888387
38|250|0.8863753595864622
38|840|0.885330095906538
39|122|0.8598984288817255
39|180|0.8583756500593351
39|252|0.8564765882137779
39|276|0.8512415976699998
39|708|0.8478087449152689
40|650|0.9039785599359842
40|949|0.888800926018585
40|211|0.8803519018184066
40|138|0.880094548562244
40|279|0.8778010221809782
41|26|0.8751431874317926
41|527|0.8695920299995312
41|73|0.8671492857732443
41|632|0.8653018762118104
41|214|0.8648168964645901
42|493|0.9204589012874639
42|875|0.8813633890071029
42|384|0.873283953535331
42|431|0.8586171977630432
42|78|0.8584846863401606
43|650|0.9125172094554168
43|254|0.9013023147738367
43|26|0.9010145666432674
43|452|0.8948455344346747
43|944|0.8929397744731841
44|393|0.9473019480957691
44|653|0.8667205383994245
44|704|0.8533326875307488
44|485|0.8501297778282361
44|546|0.84313757011547
45|319|0.8988251619379171
45|322|0.8646434850941915
45|608|0.8631871830378861
45|627|0.8478547172091946
45|567|0.8434822995195067
46|105|0.9372629013272575
46|182|0.9158738490465366
46|207|0.9126616897815204
46|270|0.9069104396424374
46|74|0.9059953756285857
47|904|0.931623695902331
47|50|0.9095131449253958
47|335|0.8713069785303283
47|257|0.8644334965903524
47|903|0.8614476712664451
48|783|0.9308516670178086
48|595|0.8891902263200075
48|364|0.8859017053786266
48|594|0.8756218736337636
48|313|0.8526760971879027
49|461|0.9163555118689051
49|987|0.8890669917843145
49|488|0.8872880986180396
49|35|0.8867671546276592
49|630|0.8809869464878689
50|47|0.9095131449253958
50|904|0.8877654759283409
50|628|0.8684729876331626
50|555|0.8651811575471858
50|593|0.8623941407949796
51|675|0.49946423611440727
51|591|0.4929276293677166
51|786|0.48110331060991096
51|315|0.47642314582837786
51|78|0.45721096307501025
52|281|0.9250215725196933
52|909|0.9158105906932863
52|359|0.9005940003860928
52|803|0.8949954515862426
52|232|0.8936679327603692
53|124|0.8319947786079358
53|90|0.8158333728962761
53|573|0.8152948079575342
53|846|0.8113700885737388
53|334|0.8107823180147784
54|575|0.9214167098602902
54|374|0.9179649828116905
54|250|0.9128913393969155
54|840|0.909188196884203
54|87|0.9067417545668182
55|621|0.8946437717761523
55|341|0.8925892564625219
55|535|0.8914787315929553
55|369|0.8888288080202362
55|334|0.8886362164098127
56|258|0.8799849708698775
56|243|0.8749272104188852
56|126|0.8577744488861782
56|355|0.8564068089112332
56|810|0.8484357083421781
57|341|0.9266209223627356
57|375|0.9165103614070427
57|621|0.9113215690205503
57|279|0.9037075949815085
57|846|0.8999318823041529
58|916|0.9059072048432484
58|753|0.9035165731331818
58|232|0.9021329672855641
58|534|0.8843805944519967
58|224|0.8815742580959179
59|824|0.9107669919596987
59|923|0.8702638462611406
59|309|0.8502302454235379
59|113|0.849709799842774
59|800|0.8400003004959382
60|126|0.9065990575606848
60|2|0.894310119521385
60|828|0.8659643803592507
60|8|0.8637560626182484
60|558|0.8635749245129681
61|805|0.9325037427330435
61|79|0.8658814587707523
61|640|0.8646398893237407
61|229|0.8600119378572295
61|280|0.859375189493059
62|31|0.9131791029946454
62|524|0.9086613659952929
62|491|0.9063969855736865
62|848|0.9040401458787793
62|282|0.8977196456486558
63|520|0.8703051660904979
63|785|0.8699745668507802
63|449|0.8673739029049385
63|65|0.8624539668144519
63|429|0.8570697557966072
64|295|0.9305134592587181
64|499|0.9163054298419016
64|118|0.9130763404281144
64|294|0.9058019411700768
64|447|0.9046524592425217
65|747|0.9475077413851917
65|174|0.944134836789881
65|325|0.9341352216132964
65|102|0.9338501318412911
65|216|0.9335513359879288
66|172|0.9108929426589093
66|338|0.8958303331062734
66|286|0.8804392663673727
66|379|0.8791352265526121
66|692|0.8736179565617501
67|219|0.9042603541667432
67|523|0.8966309494722213
67|483|0.8934148156953485
67|90|0.8866572128278554
67|525|0.883500106423639
68|550|0.8850548411455456
68|287|0.8797749207906754
68|807|0.8682785358832619
68|499|0.8610263647724213
68|417|0.8483080269045639
69|333|0.9227382060944775
69|785|0.9130254614258039
69|663|0.9125077168294866
69|223|0.9088709619042494
69|88|0.9065888576125508
70|328|0.8463620981002349
70|799|0.8393040828106275
70|842|0.831812080054681
70|183|0.8086210625739212
70|600|0.7991649398907551
71|204|0.9112349179492164
71|9|0.8939885870789225
71|251|0.8577300867405874
71|980|0.84685444940624
71|227|0.8464374927378018
72|156|0.9112599059685783
72|194|0.8991909597932131
72|372|0.8826831457305337
72|562|0.8814415144756641
72|568|0.8813503032556821
73|527|0.9182769060973643
73|214|0.8724106049067848
73|760|0.8718179724791304
73|41|0.8671492857732443
73|632|0.8467412030940862
74|140|0.956177306705454
74|779|0.9408650826702467
74|605|0.9387886069595057
74|207|0.9326182736100818
74|270|0.9245035297213158
75|765|0.9189605191372769
75|984|0.8907822023585669
75|569|0.8810178324036305
75|528|0.8754028148071527
75|472|0.8734585199796898
76|172|0.9318258975645706
76|338|0.9061014359357135
76|748|0.8793618631503193
76|541|0.8790274274948131
76|379|0.8789488187017657
77|602|0.9039907734396642
77|759|0.8985951530552682
77|769|0.8867464911325295
77|136|0.8863038270286739
77|128|0.882704938240869
78|293|0.899849059654524
78|507|0.8777578627583116
78|875|0.8692558340078375
78|493|0.8679697327405818
78|456|0.8670007860304927
79|454|0.9066886111718033
79|554|0.9008603376219387
79|640|0.8935568516271899
79|100|0.8820227800208784
79|225|0.8817251162941909
80|262|0.8500063895722727
80|917|0.8440498890030137
80|531|0.8392179077856984
80|27|0.8313875378059884
80|573|0.8313415300934284
81|431|0.8979962964168122
81|16|0.8897676316078084
81|866|0.8823758774552939
81|268|0.8450833774441081
81|482|0.8445768559928695
82|352|0.9027423437495934
82|308|0.8979819447605097
82|615|0.8961481857585433
82|194|0.8951783596226306
82|570|0.8949204542914128
83|571|0.9199273011939384
83|425|0.8902529405168251
83|301|0.8887693188905342
83|469|0.8832769325545139
83|563|0.880714154179199
84|472|0.9121872912911985
84|984|0.908420910363996
84|304|0.898398474033709
84|156|0.8927614095689007
84|96|0.8919495574754659
85|509|0.9125834848981097
85|302|0.9041142797205887
85|488|0.899989436612395
85|35|0.8969590585803296
85|28|0.8891599092274096
86|511|0.8325490230270605
86|150|0.8304017224059267
86|340|0.8212583145011529
86|875|0.8184476573573077
86|155|0.8168939443758693
87|840|0.9254607425141523
87|374|0.9252469492509965
87|575|0.9091204065510378
87|54|0.9067417545668182
87|586|0.9038785285647185
88|333|0.9478090328948403
88|104|0.9367639555625963
88|785|0.9299379583304883
88|216|0.9298369481717981
88|255|0.9270715597984767
89|474|0.9335943794519254
89|376|0.8963999694775099
89|423|0.8837020318505143
89|227|0.8747842464106422
89|23|0.8581743904055394
90|846|0.9023801373032919
90|124|0.9000134803997308
90|795|0.8988386044568321
90|730|0.897960634709331
90|848|0.8978596695472407
92|742|0.8585584743597835
92|382|0.8580814063680713
92|882|0.8463705077172549
92|879|0.8442384629412122
92|407|0.8428606974261665
93|842|0.8788154643326739
93|12|0.8570710775934124
93|447|0.836470914487007
93|295|0.8312616074343395
93|122|0.8242603778607698
94|281|0.9311392191553876
94|372|0.9294190374873411
94|803|0.9235295118401109
94|359|0.9082348869661468
94|52|0.8875421604146003
95|434|0.9421656400253078
95|494|0.9407191554376255
95|733|0.9402268369868563
95|990|0.9172333730310166
95|836|0.9155222883197117
96|994|0.8920098587560098
96|84|0.8919495574754659
96|324|0.8884437410557617
96|171|0.8880309278110632
96|205|0.8875284047398934
97|290|0.9156451168637899
97|850|0.9089225655538001
97|117|0.8992314436844948
97|30|0.8951085625640344
97|36|0.8797043600549096
98|423|0.8176606843775767
98|479|0.8044258610097128
98|839|0.804238626568673
98|227|0.800111667233033
98|474|0.7990887812274121
99|722|0.9082419915637125
99|206|0.8819459680370103
99|162|0.8705605141548619
99|769|0.8650069090646254
99|556|0.8647275150452367
100|79|0.8820227800208784
100|627|0.8811279199287945
100|640|0.8748099713186599
100|805|0.869036413044686
100|454|0.8688212116217312
101|970|0.8451221421146266
101|417|0.8352910082407359
101|955|0.8050975113164784
101|951|0.8044220777304598
101|804|0.8036378298437978
102|747|0.9422296865020927
102|174|0.9380401924102991
102|65|0.9338501318412911
102|429|0.9302992336576741
102|870|0.9232041157614396
103|695|0.8776744617518351
103|257|0.8689023921760602
103|422|0.8367376998990192
103|47|0.8263741788568109
103|490|0.8247119625241183
104|333|0.9496634013850984
104|785|0.9444119829732437
104|216|0.9439277557227318
104|88|0.9367639555625963
104|135|0.9352679647671353
105|46|0.9372629013272575
105|381|0.9221124586381433
105|534|0.9177942833541537
105|932|0.9127563680153755
105|902|0.9068747400617535
106|649|0.8695757700805803
106|771|0.8692363588459413
106|617|0.8636811277361952
106|82|0.855513758081395
106|864|0.8477785737737328
107|588|0.851848601094954
107|709|0.8224461317224634
107|711|0.8094765809393416
107|374|0.8034315951956941
107|828|0.8024094507125604
108|192|0.8845833760217199
108|769|0.8799542842269328
108|759|0.8739896240361589
108|136|0.8627146464572707
108|206|0.8604758034942284
109|133|0.4541241452319315
109|403|0.41666666666666674
109|636|0.39433756729740643
109|770|0.39433756729740643
109|744|0.39433756729740643
110|151|0.9083873068250132
110|527|0.8902241380730047
110|465|0.8695503411178906
110|553|0.8443095815315713
110|647|0.8363886858486875
111|293|0.8946199765759477
111|456|0.8898168160681953
111|296|0.8895975620832567
111|608|0.8849242880535646
111|507|0.8794302104832313
112|861|0.89614739634332
112|876|0.8741313858089506
112|464|0.8671002030679515
112|886|0.8524596026910785
112|387|0.8460808734713243
113|824|0.8635992950047114
113|59|0.849709799842774
113|451|0.8380228714038929
113|726|0.8266737735482605
113|517|0.8196381856664567
114|341|0.919647694047834
114|309|0.9129526490752291
114|375|0.9021789221855927
114|279|0.9000441122411031
114|846|0.8975981839568257
115|797|0.8635396366420641
115|856|0.833796001101619
115|633|0.8303638706654424
115|717|0.8230137204098565
115|187|0.8164502566703138
116|363|0.9058532596988979
116|759|0.89411687665501
116|556|0.8635326876294926
116|769|0.8561775366348341
116|602|0.8529811771082013
117|247|0.9223709209313483
117|290|0.9006760624173789
117|97|0.8992314436844948
117|36|0.8841432433378286
117|268|0.8826702396750592
118|499|0.9407187757720092
118|295|0.9338245362819498
118|804|0.9309566875188736
118|566|0.9259667944459309
118|129|0.9216792493844685
119|664|0.9021285686358689
119|813|0.9010922462967694
119|612|0.8999993048499121
119|489|0.8979720984266415
119|486|0.8950048683499178
120|569|0.8349290116276575
120|75|0.8271669538799054
120|765|0.820354033281695
120|847|0.807947499975982
120|516|0.8076917139949591
121|263|0.899705619317461
121|299|0.8968501879170132
121|300|0.8951663700901823
121|475|0.8946730922658154
121|949|0.8904841483469287
122|295|0.928813057349771
122|237|0.9125225076254497
122|499|0.9110265037244181
122|3|0.9099051172371004
122|186|0.9053453386980747
123|451|0.8721700166305485
123|215|0.8691401487497813
123|509|0.8556007293801927
123|903|0.8540021505425175
123|923|0.8431497684505093
124|573|0.9044383118788615
124|309|0.9041102282411917
124|793|0.9026415302818276
124|90|0.9000134803997308
124|846|0.899604266422354
125|176|0.9234936133707485
125|705|0.9173738188492285
125|514|0.9160789945576442
125|921|0.911071139123266
125|663|0.909340801328385
126|60|0.9065990575606848
126|2|0.8719418646751936
126|56|0.8577744488861782
126|558|0.8570950233662102
126|828|0.8405318048574539
127|298|0.8682277681887585
127|573|0.8653983012915172
127|90|0.8652735727821861
127|124|0.8643526387617271
127|375|0.8641165179762639
128|77|0.882704938240869
128|769|0.8824266545508197
128|136|0.8779536976463355
128|759|0.866134965197851
128|756|0.8614477101330018
129|118|0.9216792493844685
129|287|0.9153269938098174
129|295|0.9125430085941686
129|566|0.9117277909085556
129|499|0.9092459807362266
130|385|0.5
130|130|0.5
130|560|0.4980694691784169
130|738|0.4980694691784169
130|406|0.4980694691784169
131|571|0.900557555767888
131|301|0.877805630125239
131|534|0.8769777583367897
131|222|0.8675764148068524
131|469|0.8674645875850262
132|540|0.9408571423244974
132|422|0.9258196556964703
132|490|0.8985769207826535
132|200|0.8925529348461656
132|992|0.88423432224008
133|403|0.4541241452319315
133|109|0.4541241452319315
133|847|0.4360521018838126
133|143|0.42677669529663687
133|721|0.42677669529663687
134|859|0.4981358638191601
134|985|0.4964055637033167
134|404|0.49562319925802145
134|756|0.4946619132141902
134|727|0.4937233678161303
135|104|0.9352679647671353
135|520|0.9243358449371031
135|719|0.923323265904887
135|637|0.9198228858734365
135|743|0.9167289774779339
136|769|0.9130931769388855
136|759|0.9101260950855214
136|722|0.8958383952860478
136|556|0.8894056713639185
136|77|0.8863038270286739
137|769|0.8842374086128826
137|581|0.8831848752373077
137|759|0.875169158931675
137|722|0.8725622582387538
137|206|0.866933093573397
138|993|0.9055135172118738
138|650|0.904516907281774
138|989|0.8869580657706714
138|713|0.881350134591345
138|40|0.880094548562244
139|522|0.47453190462230777
139|511|0.46869265018459644
139|51|0.44579893443847873
139|675|0.44425235028716326
139|591|0.4352492269924436
140|74|0.956177306705454
140|802|0.9347883927368892
140|779|0.9248785706960854
140|270|0.9208386878776471
140|207|0.9189708627530835
141|203|0.9073636821191619
141|860|0.8981387575637055
141|125|0.8833765299796925
141|921|0.8809717520365504
141|275|0.8786786070805223
142|142|0.5
142|167|0.5
142|873|0.5
142|989|0.49976918100516843
142|699|0.4992601345125417
143|814|0.5
143|620|0.5
143|399|0.5
143|530|0.5
143|625|0.5
144|278|0.9033277865612775
144|176|0.8970334542238118
144|612|0.889026371549298
144|187|0.8838850908862715
144|603|0.8783583376855271
145|20|0.9229752891312103
145|420|0.8994012827407393
145|861|0.8924669632051442
145|165|0.8834859012440839
145|886|0.8736806531931606
146|484|0.9209340439927592
146|808|0.9198179864226087
146|711|0.9160919653805863
146|238|0.9061107097788677
146|158|0.8949246059341678
147|175|0.9175623324320579
147|269|0.8998383714656177
147|121|0.8859790725927958
147|388|0.8848228010289005
147|31|0.8847128901107717
148|846|0.9224705206249096
148|26|0.9097283814218964
148|418|0.9078573522457751
148|375|0.9078562040228451
148|211|0.907782710289589
149|482|0.8558139796036578
149|259|0.8553711024127174
149|111|0.8505942900139298
149|456|0.8489281605775563
149|608|0.8430787466411216
150|590|0.8519337297358707
150|86|0.8304017224059267
150|155|0.8298282072203573
150|524|0.8104602356932518
150|529|0.8076811216268989
151|110|0.9083873068250132
151|168|0.8533470304190339
151|920|0.837505221823126
151|266|0.8272446321931926
151|897|0.81799305737537
152|565|0.9186192486997681
152|253|0.8827799777128246
152|184|0.8590527018691286
152|285|0.8219791176753861
152|735|0.8098955979183018
153|761|0.8460109508116209
153|592|0.8456195347747708
153|367|0.8406466382473383
153|112|0.8335055582526019
153|533|0.813583883064253
154|233|0.9038430847034216
154|495|0.9029065618571344
154|702|0.9020715003511555
154|307|0.893078120232027
154|264|0.8908745782589862
155|340|0.873550003485395
155|897|0.8373179624903657
155|150|0.8298282072203573
155|527|0.8273912215824595
155|214|0.8269857134381446
156|194|0.9352390050301276
156|72|0.9112599059685783
156|984|0.9110503750999774
156|472|0.9042248672251152
156|994|0.8999192183129621
157|473|0.880322264966771
157|750|0.8614480171965611
157|466|0.8391756331246715
157|312|0.8174027951433723
157|88|0.8161974809537313
158|146|0.8949246059341678
158|711|0.8932910374345298
158|484|0.8856310566330569
158|455|0.8799906199461455
158|754|0.8686648921188764
159|283|0.8736638106149701
159|431|0.8665443555767232
159|97|0.8645777247164296
159|493|0.8624777203759895
159|456|0.8566910049345257
160|208|0.8470769111355315
160|442|0.8193774473969154
160|780|0.8110738102786548
160|849|0.8095843580596048
160|316|0.8053278872314154
161|454|0.8183218937009458
161|292|0.8139322658263948
161|647|0.8098293434727801
161|527|0.8038584944671927
161|760|0.802192645724331
162|556|0.8918878465973312
162|722|0.8880170809710272
162|602|0.8861890670861865
162|206|0.8837676519536647
162|759|0.8795134713859877
163|303|0.8270576937276625
163|964|0.8060285912598169
163|553|0.8050246701070496
163|251|0.7970284384739953
163|377|0.7941427099899993
164|942|0.8748757963216778
164|50|0.8574036781516127
164|913|0.8536292338165983
164|521|0.8378448546612678
164|335|0.8373913912504338
165|479|0.8947581947763338
165|23|0.8924402678246854
165|145|0.8834859012440839
165|420|0.8823240493610243
165|6|0.8708458323902
166|639|0.8508926858631913
166|778|0.8425986530721923
166|478|0.8399315669801044
166|574|0.8233881143952613
166|567|0.8221297048111118
167|309|0.8891609313075426
167|90|0.8859778765674602
167|148|0.8816438623635502
167|993|0.8812259622999593
167|124|0.880391008850178
168|207|0.8559876710436116
168|151|0.8533470304190339
168|270|0.8522223913662919
168|140|0.8502911106688834
168|74|0.8501807746170049
169|455|0.9419074170258547
169|577|0.8915444421969276
169|711|0.8694670590960616
169|146|0.8663842477822216
169|609|0.8610714721521207
170|185|0.8487308660460329
170|95|0.8118919390778697
170|836|0.8114840111757644
170|736|0.8091900149267954
170|733|0.8041922325148055
171|324|0.9363172800787709
171|178|0.9281954187710941
171|345|0.9230659420509274
171|218|0.8920017756846841
171|96|0.8880309278110632
172|76|0.9318258975645706
172|338|0.9278632664451077
172|66|0.9108929426589093
172|379|0.8889745592672333
172|541|0.8640534820319791
173|519|0.8487262584885642
173|737|0.8452114238259402
173|442|0.8436836160089463
173|172|0.8330421563922199
173|208|0.8320371798655983
174|65|0.944134836789881
174|747|0.9384064899226245
174|102|0.9380401924102991
174|255|0.9359738990468667
174|429|0.9258908782935417
175|147|0.9175623324320579
175|269|0.8879603747783655
175|495|0.8861720731179217
175|388|0.8723499173391077
175|501|0.8715303998367728
176|705|0.9281680626449794
176|921|0.9257529868426958
176|125|0.9234936133707485
176|223|0.9217788034736359
176|187|0.9141739276062953
177|220|0.9006318846895729
177|397|0.8971214706558713
177|735|0.8549545812092555
177|407|0.8433550002758798
177|841|0.8304598797893624
178|171|0.9281954187710941
178|324|0.9069482992545692
178|864|0.8805851027114298
178|218|0.8791284936611194
178|156|0.8790745276518479
179|779|0.9145181380193986
179|381|0.9037113898062383
179|498|0.902211218834882
179|182|0.8994734557921895
179|140|0.8947378826276097
180|122|0.8822877906872246
180|295|0.8710809497396521
180|223|0.8707340501701792
180|417|0.8675910942658478
180|804|0.8636094063403766
181|502|0.8457074326139302
181|204|0.7970615320308907
181|546|0.7904836246969047
181|71|0.7871674739979304
181|343|0.7866873191734234
182|46|0.9158738490465366
182|140|0.9076051811284529
182|779|0.904742189972054
182|74|0.9042057102335437
182|381|0.9036083025512031
183|799|0.8537518721768348
183|311|0.83538281585795
183|422|0.8216434658440546
183|742|0.8115824394903904
183|70|0.8086210625739212
184|334|0.887600280092602
184|846|0.8872307693303928
184|851|0.8761800992803506
184|369|0.8703210029672078
184|827|0.8694208365130935
185|23|0.8691905544917484
185|170|0.8487308660460329
185|89|0.843967943896525
185|479|0.8419386338315471
185|165|0.8412123350845179
186|447|0.9129845277470465
186|237|0.9123587277547116
186|122|0.9053453386980747
186|276|0.9044497081092265
186|252|0.9023346807096443
187|176|0.9141739276062953
187|633|0.9140602529600339
187|612|0.9060550627882105
187|705|0.8999701973805514
187|223|0.8950430199189343
188|606|0.7939963580913239
188|177|0.7791384813597487
188|775|0.7639323237965817
188|366|0.7468461355378067
188|220|0.7397072730433002
189|275|0.8345054311648836
189|598|0.8343478443629524
189|228|0.8283894726268506
189|18|0.8245911044499623
189|176|0.8242962955182132
190|200|0.826874698438895
190|373|0.8036697086539041
190|422|0.8001855712335513
190|882|0.7928864870438469
190|320|0.7903638386576181
191|613|0.9291451900010694
191|469|0.9177776011531376
191|222|0.886642330228872
191|46|0.8795925215007108
191|270|0.8793907389062936
192|759|0.9018010789831158
192|108|0.8845833760217199
192|404|0.8823415407142783
192|769|0.8820809810664423
192|556|0.8773155685752678
193|537|0.8672487685083783
193|495|0.8375218945033838
193|148|0.8373589171794318
193|386|0.8353842815633427
193|175|0.8340713678458351
194|156|0.9352390050301276
194|994|0.9174206138044682
194|235|0.8996252615009123
194|72|0.8991909597932131
194|371|0.8970916280816987
195|4|0.9163538485552926
195|351|0.8899983074876361
195|542|0.8848304691655412
195|361|0.87959826898131
195|852|0.8706355093879912
196|512|0.9304943666156154
196|332|0.883030106840977
196|426|0.8806297435436463
196|611|0.804203154483326
196|879|0.7871130638303282
197|90|0.8865382648014893
197|846|0.8851889605909198
197|375|0.8780614730696124
197|483|0.8780372814662538
197|148|0.8776953137544343
198|32|0.8510866626896219
198|541|0.8417564799593686
198|172|0.8209049183930373
198|338|0.8157014573041631
198|76|0.8136923398920408
199|900|0.8588777476741313
199|509|0.8578680314526013
199|974|0.8569024759031361
199|715|0.8474785427967263
199|932|0.8474432141212037
200|662|0.9126351380394571
200|240|0.9092089495709457
200|422|0.9092081926613911
200|992|0.8949200566196047
200|132|0.8925529348461656
201|317|0.8312537606043633
201|885|0.816820260039167
201|848|0.8147322718282061
201|536|0.8090181718334442
201|408|0.8087520331327884
202|35|0.9221767435513498
202|461|0.9029464036368527
202|249|0.8934694230568929
202|488|0.8911405349725436
202|49|0.8795481200876457
203|141|0.9073636821191619
203|860|0.8742214706350113
203|345|0.8654004803862776
203|489|0.8589740391393698
203|830|0.8567681383472088
204|9|0.939015747000439
204|71|0.9112349179492164
204|251|0.8940632351844503
204|227|0.8782903182192228
204|980|0.8696288672483118
205|352|0.9148719166326198
205|304|0.9128561269618972
205|767|0.9025697957723712
205|635|0.8974031461284685
205|194|0.8946346579176113
206|759|0.9062390067267199
206|581|0.8934342444546624
206|556|0.8919675656397291
206|722|0.8864183288676695
206|136|0.884177906499414
207|270|0.9343494236135775
207|74|0.9326182736100818
207|140|0.9189708627530835
207|46|0.9126616897815204
207|932|0.9048494635135576
208|442|0.914982077701199
208|316|0.9083297136328407
208|780|0.8800352416691584
208|480|0.8545818327179043
208|260|0.8507487274328355
209|358|0.895682859902706
209|297|0.8793101197710611
209|510|0.8760100601674068
209|418|0.8754825765570522
209|386|0.8754011012110507
210|383|0.9389162919491043
210|967|0.9165076468977805
210|416|0.907215354695462
210|458|0.8291741892013729
210|964|0.8284851391447272
211|26|0.9248480265806471
211|334|0.9144318266953527
211|483|0.9079396415244081
211|148|0.907782710289589
211|491|0.9043614185970034
212|867|0.8534038395499663
212|310|0.8169754932936918
212|486|0.8088245014868174
212|460|0.8051772940111395
212|267|0.8043495091075881
213|326|0.9421618822690055
213|309|0.9007278889464249
213|306|0.8999300429200725
213|263|0.8944321189183538
213|949|0.890853340385451
214|632|0.9040160513358887
214|760|0.8896413688177831
214|665|0.8881713664663047
214|527|0.8779698581156751
214|73|0.8724106049067848
215|902|0.9089726736655439
215|764|0.9005405346276805
215|534|0.8959060201617861
215|105|0.8941574381220969
215|509|0.8849027591124133
216|333|0.9474309269822173
216|104|0.9439277557227318
216|325|0.9404870048172489
216|344|0.93769926416289
216|65|0.9335513359879288
217|640|0.8934197092133973
217|882|0.8887958325323597
217|436|0.8882483130198847
217|782|0.8715335778466076
217|614|0.8694360446709875
218|304|0.8928064780938061
218|171|0.8920017756846841
218|450|0.8794173091548605
218|178|0.8791284936611194
218|984|0.8748203947209767
219|491|0.9185332524877348
219|523|0.9069957861353124
219|67|0.9042603541667432
219|848|0.9033532015022319
219|31|0.9020764248525425
220|397|0.9102628568409601
220|177|0.9006318846895729
220|735|0.8975991128727864
220|841|0.8574038750305422
220|328|0.8404524256455828
222|613|0.9059877373320302
222|182|0.8937551011390146
222|191|0.886642330228872
222|469|0.8829772848362439
222|28|0.8809301704498086
223|176|0.9217788034736359
223|69|0.9088709619042494
223|663|0.9088353699779917
223|125|0.9077273395504571
223|471|0.9052713170481926
224|852|0.8918172352354112
224|539|0.8911506037541266
224|361|0.8860348787004427
224|58|0.8815742580959179
224|753|0.8812606642318932
225|454|0.9034154705709072
225|79|0.8817251162941909
225|436|0.8799620536948285
225|640|0.8788232920852275
225|805|0.8766190148759408
226|890|0.4939750182371333
226|190|0.49328692929565987
226|422|0.49104868416137415
226|200|0.48729556082418735
226|992|0.4850738522124929
227|423|0.9161854933727286
227|548|0.9066344761485692
227|95|0.8986386693920535
227|315|0.895940591902675
227|434|0.8957206776810793
228|18|0.9056241508621613
228|612|0.8940878614510497
228|119|0.8939448759100748
228|518|0.8928781149894764
228|813|0.8868109739614648
229|906|0.8993742090576684
229|678|0.8985056050927731
229|627|0.8980433194073849
229|481|0.8967861253730532
229|230|0.8779585873428414
230|678|0.8916298791526294
230|906|0.8848957149209168
230|805|0.8822514662719797
230|229|0.8779585873428414
230|280|0.8757025208648821
231|344|0.895651919324321
231|333|0.8876818623072926
231|785|0.8804061010149253
231|19|0.8677956830612541
231|216|0.8655591002593241
232|58|0.9021329672855641
232|52|0.8936679327603692
232|281|0.8893353564988247
232|351|0.8819640012347657
232|909|0.8757983639153726
233|154|0.9038430847034216
233|621|0.8954307673526223
233|535|0.8921327993395957
233|501|0.8894596055869024
233|148|0.88909611799562
234|564|0.8930322618220444
234|518|0.8899969416346989
234|489|0.8752140522173227
234|467|0.8702247883831721
234|305|0.8700359253642888
235|994|0.9011148881490523
235|194|0.8996252615009123
235|322|0.8912608341113314
235|156|0.8809337729675867
235|205|0.876388196105399
236|237|0.9115356933285238
236|7|0.8977525116681709
236|289|0.8966284566621188
236|252|0.8948964540110267
236|339|0.8921795445117944
237|7|0.934308877852148
237|378|0.9296068955275159
237|252|0.9272773494383671
237|453|0.9269240252826554
237|295|0.9161540457084469
238|484|0.9555193128034264
238|808|0.9255529443744074
238|146|0.9061107097788677
238|609|0.9057377020891088
238|711|0.8864299712730409
239|313|0.8524563612482491
239|616|0.8464399400183945
239|588|0.8379927330048418
239|709|0.8377826701393477
239|783|0.8309855216043057
240|200|0.9092089495709457
240|422|0.8864281209453866
240|662|0.8781297418478842
240|540|0.8772338220486787
240|132|0.8714798015310643
241|34|0.9081299205963205
241|455|0.8658389805378828
241|577|0.8559979536970708
241|917|0.8427472329226227
241|484|0.8340721584937187
242|549|0.9068162272512745
242|346|0.8972863267733904
242|477|0.8866303335249072
242|658|0.8263733864387147
242|199|0.8247552807742111
243|355|0.9026781272888518
243|810|0.879174330905723
243|56|0.8749272104188852
243|374|0.8643536406510015
243|87|0.8636916777737007
244|313|0.8518905932382481
244|616|0.8280493878520734
244|745|0.8167545759556422
244|551|0.7977138274628
244|661|0.7936945917483713
245|283|0.9051573569522839
245|391|0.8860285880734123
245|874|0.8621088037134035
245|806|0.8581985937780476
245|97|0.856822141389175
246|759|0.8915257348139658
246|556|0.8858554980227942
246|602|0.8677936515588124
246|162|0.8580246960009488
246|581|0.8524212538383998
247|117|0.9223709209313483
247|30|0.8838847121905066
247|290|0.8788568026044964
247|97|0.8739630945485094
247|850|0.8716301721318745
248|437|0.9303248058852132
248|267|0.9257036336395751
248|489|0.9243836052886759
248|719|0.9221617814954342
248|486|0.9188640212820698
249|534|0.9166662270866295
249|446|0.8951661786534002
249|202|0.8934694230568929
249|509|0.8922557456731042
249|515|0.8888173809747287
250|575|0.9242660030187001
250|54|0.9128913393969155
250|586|0.8966227921792619
250|374|0.8949829629917745
250|840|0.893503738045093
251|204|0.8940632351844503
251|980|0.8931814625902018
251|667|0.8751722798405825
251|9|0.8715486469457061
251|71|0.8577300867405874
252|378|0.9416062535288383
252|339|0.9414040851754513
252|708|0.9383709164965384
252|453|0.9376951110874174
252|7|0.9299645042446621
253|565|0.9063632591624178
253|152|0.8827799777128246
253|273|0.8794110949805483
253|92|0.8287551089321105
253|382|0.8188330519626573
254|43|0.9013023147738367
254|297|0.8794410670228081
254|650|0.8740897968530514
254|991|0.8732624014433901
254|412|0.8675411738184645
255|174|0.9359738990468667
255|88|0.9270715597984767
255|65|0.9248618712077831
255|429|0.9219993339468653
255|325|0.918962939856779
256|435|0.88669134299038
256|671|0.8565295322063335
256|719|0.8517846674270885
256|248|0.8368947653557258
256|788|0.836779550652771
257|695|0.911046892998923
257|103|0.8689023921760602
257|350|0.8662724959310256
257|47|0.8644334965903524
257|628|0.8573989295537636
258|56|0.8799849708698775
258|243|0.8417534797636568
258|355|0.831143448806811
258|54|0.8269123849347515
258|2|0.8259419469551583
259|707|0.9181965787644062
259|554|0.9158923589431067
259|482|0.9018273581230235
259|507|0.8907064148782992
259|521|0.8889535173226515
260|480|0.9119582796221044
260|316|0.905139230984285
260|589|0.8886874426234358
260|780|0.8633641041317075
260|208|0.8507487274328355
261|650|0.9030414207747716
261|536|0.8995089904426468
261|961|0.8963394518883261
261|491|0.8900384649963672
261|26|0.883118465960237
262|531|0.9590671456270283
262|917|0.9405346705874291
262|34|0.8650724988655163
262|755|0.8649816429764926
262|80|0.8500063895722727
263|621|0.9114456171385404
263|341|0.9039240608136389
263|334|0.9038637816476278
263|326|0.9006564745096514
263|121|0.899705619317461
264|154|0.8908745782589862
264|331|0.8896190828988011
264|757|0.8846265606976975
264|645|0.8829789172551019
264|124|0.8804130100004282
265|943|0.8866368764515387
265|105|0.8734606681569718
265|506|0.869181534189071
265|509|0.8668972292085797
265|17|0.8615191787168499
266|920|0.8668149971401421
266|948|0.856826312830188
266|590|0.8335457808741197
266|356|0.82962881216525
266|151|0.8272446321931926
267|216|0.9313391788513089
267|248|0.9257036336395751
267|104|0.9239614719856366
267|88|0.9184595396014122
267|333|0.9181121116696722
268|290|0.8971495055060678
268|431|0.8868502000967766
268|806|0.8837846463722316
268|117|0.8826702396750592
268|30|0.8794569822906207
269|523|0.9048565706215645
269|510|0.9019926909135145
269|835|0.9017502078343033
269|147|0.8998383714656177
269|388|0.89330329346768
270|207|0.9343494236135775
270|74|0.9245035297213158
270|932|0.9232210530151861
270|140|0.9208386878776471
270|779|0.9100724318022164
271|282|0.8863795462953915
271|536|0.8851581908721233
271|279|0.8812651499886461
271|341|0.8810092526461716
271|508|0.8757541089603085
272|96|0.876627064445642
272|235|0.8689747833795405
272|205|0.860583792986324
272|635|0.8588834894407757
272|994|0.8576209476356886
273|253|0.8794110949805483
273|332|0.8451968359776223
273|92|0.8334403669827232
273|512|0.8291471048236969
273|24|0.823679709890275
274|310|0.927983869404865
274|486|0.919538323719367
274|505|0.9146986226637273
274|603|0.9118263539588286
274|460|0.9098376896194971
275|102|0.9163276672152163
275|813|0.9133718906101947
275|437|0.909456527270301
275|514|0.9074963238224731
275|429|0.903819678152928
276|447|0.9065300960480623
276|186|0.9044497081092265
276|499|0.8996170345489076
276|122|0.8920291046288616
276|295|0.8906375745266031
277|536|0.8833056412432971
277|261|0.8823111997602132
277|961|0.8797760139709284
277|282|0.8696498851790603
277|491|0.8660902714991595
278|664|0.9242109993206458
278|830|0.9069625773918478
278|144|0.9033277865612775
278|612|0.900190410439114
278|626|0.8998318606625099
279|341|0.934103487145294
279|375|0.9298211588819528
279|337|0.9045345567406051
279|57|0.9037075949815085
279|298|0.9012521666838647
280|805|0.9123782446583645
280|678|0.886152163446318
280|230|0.8757025208648821
280|100|0.8609854392207672
280|229|0.860174042032285
281|94|0.9311392191553876
281|52|0.9250215725196933
281|359|0.9086432016891152
281|803|0.9064245110356909
281|909|0.8958350513816336
282|508|0.9102380466520774
282|337|0.9034982481571607
282|848|0.900409782140053
282|331|0.8982489650998431
282|62|0.8977196456486558
283|245|0.9051573569522839
283|391|0.8850061066147783
283|409|0.8815382777515622
283|431|0.8802443840096317
283|159|0.8736638106149701
284|998|0.47444713919729686
284|544|0.46794315008569953
284|600|0.4272875058077305
284|886|0.42705298710794276
284|875|0.42581284720235413
285|92|0.823275210372124
285|152|0.8219791176753861
285|397|0.8162288167806856
285|565|0.8058812949211323
285|981|0.7920353666341595
286|692|0.8935077417875867
286|66|0.8804392663673727
286|379|0.8586945057134374
286|338|0.8477001963330014
286|849|0.8430305098534776
287|295|0.9382012686987663
287|294|0.9314437558661457
287|499|0.9246902591079887
287|566|0.9235938296110622
287|118|0.9167140866023773
288|555|0.8558755265232558
288|6|0.8483638721010069
288|293|0.8328855385035128
288|592|0.827108633832964
288|78|0.8212660777734737
289|339|0.9267982549059637
289|252|0.9242939598175209
289|453|0.9224920284399527
289|7|0.9204520563070913
289|378|0.9200156359913806
290|36|0.9211237496219437
290|97|0.9156451168637899
290|117|0.9006760624173789
290|268|0.8971495055060678
290|318|0.8917359231147397
292|786|0.8315477762122383
292|349|0.830922258696777
292|780|0.8269851547503504
292|454|0.8215638193183855
292|474|0.8205832232395986
293|6|0.9079933370737054
293|78|0.899849059654524
293|111|0.8946199765759477
293|493|0.8831888680110499
293|456|0.8740729834389329
294|295|0.9413382713794212
294|287|0.9314437558661457
294|499|0.923829124279215
294|804|0.9141065859512354
294|118|0.9107130708186504
295|294|0.9413382713794212
295|499|0.9392876836142652
295|287|0.9382012686987663
295|118|0.9338245362819498
295|64|0.9305134592587181
296|608|0.9364105453584236
296|778|0.9002114321043987
296|111|0.8895975620832567
